.Random.seed <-
c(403L, 624L, 1079841835L, 1488606576L, -654501199L, -1212523330L, 
-206575065L, -51807172L, -561805299L, 1699322730L, 1950340579L, 
719179208L, 1691939113L, -1222561066L, -2013228193L, -2091854316L, 
414085637L, 293637890L, 439852699L, 1882382624L, 1330439841L, 
1324080110L, 150483863L, -50922772L, 393276157L, 1817707930L, 
1079987795L, -1314984072L, 1038539545L, 639023110L, 1603250895L, 
2089241284L, -504966411L, 1904369458L, -479345397L, 1995659472L, 
-181358959L, 2137663262L, -1826891513L, 274277788L, -1008203283L, 
-1287783478L, -1439309117L, -328368856L, 1613775113L, -1157985994L, 
-53633473L, 2146429812L, -1920438299L, -1277871262L, 287737723L, 
943111296L, -2014875007L, 128466510L, -349054345L, -1183122356L, 
-1030232867L, 1864269306L, 97162035L, 2145679064L, 2060722937L, 
1151313510L, -1246663249L, -279594972L, -1172158251L, 335291282L, 
-230103573L, -1644688336L, 611332721L, 316219774L, 1074870247L, 
1703378684L, -1376814131L, -304313302L, 954490787L, -2023826296L, 
347177193L, 379129750L, -302900961L, -280776492L, -1174184507L, 
2117736386L, 528212059L, 1626490848L, 931786337L, 1760546990L, 
105967959L, 476687788L, -870461763L, -971299238L, 722094099L, 
1157082680L, 2087148249L, 960087238L, -2029608817L, 386192772L, 
-2093306187L, -1080944654L, -349800757L, -1197445232L, 1840490065L, 
-1633727522L, 1749550791L, 818710620L, -15606355L, 121457802L, 
897797251L, -779490328L, -1202409271L, -1718303242L, 1344668671L, 
547628596L, -1617478747L, -1245240286L, -781211333L, 188580672L, 
-1557374399L, 1163563790L, -1240631241L, -266662132L, -1267029859L, 
1768292026L, -1823052557L, -860842600L, 1989706425L, 964498214L, 
1984381807L, -1729322268L, 480773269L, 2136751186L, -398559317L, 
-1648065808L, -739046863L, 458532414L, -713538137L, 1384137148L, 
-708366451L, 2105031914L, -783636125L, 214346568L, -49164119L, 
1602595926L, -199139617L, -1888924780L, 2075920773L, -1416339326L, 
1329193499L, 1139830432L, 197572129L, 998278510L, -1306562793L, 
-1427693460L, -1205439875L, -585693414L, 1038549459L, 1323773176L, 
425695897L, -956198522L, 36394575L, 1181032516L, -1579005323L, 
1785893042L, -1614223221L, 272385616L, 1445355025L, 1301360798L, 
-1386613625L, 1459268380L, 210202989L, 1520786762L, 1500673603L, 
-420668760L, 283173001L, -805059914L, -2036586049L, -487907084L, 
-940980379L, -1128674078L, 1561496315L, 65210880L, -1370422783L, 
-1241929778L, 238999031L, 1864753612L, -812045219L, 826687354L, 
1173620403L, 1869837400L, -1867210119L, -1352712218L, -2056595153L, 
482758052L, 1784774741L, -1544743662L, 1677576555L, -1092634192L, 
-280649231L, -974329090L, 1906643815L, 1989395580L, 969581389L, 
886877610L, 926069539L, 2044017160L, -1648762775L, -1633220330L, 
-1873910625L, -293493164L, 966292805L, 1380936002L, 1529979867L, 
804083040L, -1010614815L, -346162642L, 975416535L, 187650860L, 
-1354049987L, 34318298L, -491422829L, 1043164088L, -2070963623L, 
204348998L, 918408207L, 1164454660L, 161326645L, 1524877682L, 
588585547L, 1149689104L, -1773611567L, -520104610L, 1155655L, 
-1784443428L, -1341602515L, 775302666L, -272408573L, 1263995240L, 
-912994231L, -888701066L, 1978666879L, -1316693068L, -1035988187L, 
-512936542L, 1171205307L, -1729670976L, -2129303103L, -565871474L, 
25555895L, -111446900L, -944541667L, 2004828218L, 1734566003L, 
921506584L, 417890873L, 1124478118L, 685518575L, 362985572L, 
1326365717L, -898716206L, 1732696875L, 671723632L, 1042807217L, 
-949882946L, -1839750873L, 1149372220L, 2109331213L, -188096918L, 
610041059L, 1296730312L, 912896041L, -1598216746L, 2017012319L, 
1464647956L, -1890017019L, -349490686L, -1255987813L, -72811488L, 
390038945L, 1565011694L, -1944212841L, 1610761708L, 1162541565L, 
1169754266L, 1127593299L, 1099590264L, -306750951L, 92236550L, 
1249771983L, 248378820L, 1177338357L, 967164466L, 1456147467L, 
-599772208L, -707064431L, 1839938078L, -1104211961L, -1081659236L, 
1834342637L, -1028669750L, -1841952317L, -578308056L, 36732937L, 
-1218446282L, -1277053633L, 925980276L, 173678309L, -56533406L, 
-580546949L, 17454976L, -1288072831L, 50205006L, 1570951543L, 
293324620L, 277443549L, -1395588870L, 23362099L, -1310887464L, 
519315961L, 1362221414L, 1717257391L, -566107356L, 913291221L, 
-73333102L, -1277580053L, -1073584336L, 1213862257L, -1804356482L, 
1968172775L, -284489220L, 89443021L, 1577045802L, 310904483L, 
-974743672L, -958316567L, -225967466L, 564244511L, -729113644L, 
-658731835L, -1360545086L, -1899075749L, 1038312160L, 2113637729L, 
905913262L, 1439524951L, -1944061780L, -840507971L, 2027891034L, 
1227337491L, 1203644728L, 1150736857L, 1874163654L, 590083983L, 
1565950084L, -1555063371L, 1870166770L, -592790069L, 505957008L, 
2090665297L, -934060322L, 91372999L, 1734710108L, -2010207059L, 
416419722L, -1702202493L, 1010771688L, -1703678007L, -2117256970L, 
-1775166721L, -558853836L, -604509531L, -1491712222L, 899002427L, 
856432192L, -1669498559L, 685991438L, -1336578249L, -96019956L, 
-572835939L, 33259962L, -575187981L, 788828312L, 1922531769L, 
-157137370L, 61348463L, -1855730204L, 1279554453L, 4464466L, 
-881443157L, 764009968L, 1436281137L, 1642215742L, 407764135L, 
1760480444L, -195330419L, -784433174L, 997544035L, -496409016L, 
249597865L, -523788458L, -1035471393L, 821769876L, 830748805L, 
-1773862014L, -638359269L, 1297910176L, 800544033L, -633153426L, 
83027479L, 843606892L, 1558086013L, 742263322L, -1639225133L, 
-7821320L, 955128217L, -946846586L, 1720167759L, -1413362876L, 
751188341L, 622588850L, 376713099L, 285155664L, -1303462639L, 
-2051521634L, -1281676409L, -536955364L, 72564845L, -245555126L, 
578854211L, -969058904L, 840900489L, -686869066L, 849232063L, 
-759002124L, 853112421L, 965472226L, 538939899L, -441670400L, 
1419845889L, 347437774L, 1197329655L, -1233343284L, 594066269L, 
1740554874L, -2044990029L, -1121816744L, -1550671495L, 269972198L, 
-2038255569L, 164133028L, 2085416789L, 1628960786L, -270757781L, 
-681569104L, 1840087281L, 611155454L, 957467239L, 1693273980L, 
781054541L, 1866854570L, -1729865181L, 1637020936L, -1910005911L, 
2017197078L, 1340865439L, -144797356L, 1970250821L, 1510149186L, 
1213344475L, 1087664224L, 607313121L, 1859341614L, -951180329L, 
-1254384084L, -974002883L, -1332368678L, -1402936685L, -676731208L, 
981277017L, 1238356294L, 2052137743L, 886035972L, -1370450635L, 
1129327730L, 635920715L, 2072295440L, 1588606161L, -90576802L, 
1718212935L, 1007851740L, -1518103507L, -854527734L, 64521987L, 
-1706933144L, 686952265L, 602272374L, 1592338047L, -30980428L, 
-893468123L, -859678558L, 784544699L, -1884558400L, -1285257023L, 
1261719438L, 813427383L, 148717452L, -1796079843L, -1898265798L, 
1146242931L, 720834072L, 27623737L, 978411430L, 883623407L, -500178076L, 
1917397781L, 1725731026L, 583836203L, -465237136L, 1481562289L, 
-1865055554L, 1432049703L, 1439076924L, 1470899725L, 416686442L, 
-459987997L, -1037876280L, -2072613079L, -2052777770L, -2142387873L, 
1920248852L, 1077858309L, 1927402754L, 1269476507L, -284485856L, 
321791137L, -663715346L, -1969282665L, 934908140L, -1662973699L, 
379980698L, -1658315693L, -18750088L, 2030295321L, -214688250L, 
-2075633457L, -213868348L, -1280397067L, 1926571314L, -322678005L, 
-461828400L, 696347793L, 1001934110L, 2073970439L, 1314995100L, 
-276846611L, -324173366L, -665702205L, -1760693464L, -1632846071L, 
-1794019530L, -1328427969L, 194953588L, 526896613L, 964264290L, 
-1287613061L, 1741288064L, 1351069825L, 287302734L, 963627127L, 
1948815948L, -1506344227L, -401636358L, 572154163L, 121793752L, 
-1668275975L, -770700186L, 333519791L, 1968836132L, -1711724843L, 
441575826L, 637957099L, 989381168L, -1656754063L, 467289982L, 
-1427462681L, 1849332988L, -747234867L, 1856967210L, -1740132957L, 
1121604232L, -242417943L, -1782385258L, -919779553L, -1392671020L, 
-307119163L, 430005698L, 364703323L, -289374752L, 1953049697L, 
-1143310674L, -56238249L, -1669184596L, 896265405L, 791620698L, 
1516312083L, 1676715064L, -465413927L, -2139280698L, 1781354127L, 
